1
19
1036.363636
1
2
1
29
2416.363636
1
1
1
17
1959.090909
2
3
1
28
2370.909091
1
2
1
31
1425.454545
1
3
1
14
2178.181818
2
2
4
2
3595.454545
1
2
4
18
1469.090909
2
2
4
21
1809.090909
2
1
4
2
3986.363636
1
3
4
16
1602.727273
1
1
4
4
1440.909091
2
2
5
11
4406.363636
2
3
5
23
3490.909091
1
3
5
31
3891.818182
2
2
5
13
2743.636364
1
1
5
6
4296.363636
2
1
6
28
2590.909091
1
3
6
10
1953.636364
2
3
6
15
3718.181818
2
1
6
27
3430.909091
1
2
6
27
3286.363636
1
2
7
12
2057.272727
2
3
7
2
2269.090909
2
3
7
1
3120.909091
1
3
7
20
2095.454545
1
3
8
24
4388.181818
1
2
8
31
1160
1
2
8
21
4350
1
3
8
22
2087.272727
1
3
11
8
2057.272727
2
2
11
1
2492.727273
2
1
11
21
2850.909091
2
1
11
7
3402.727273
2
3
12
16
1770
2
1
12
22
2041.818182
1
1
12
21
915.4545455
2
3
12
8
2787.272727
1
2
14
3
2760.909091
1
3
14
7
3096.363636
2
1
14
1
1180.909091
1
1
14
28
4047.272727
2
3
14
12
1483.636364
2
1
15
26
1908.181818
2
2
15
22
1099.090909
1
2
15
7
1597.272727
2
3
15
21
2342.727273
2
2
22
22
2217.272727
2
3
22
28
2050.909091
1
2
22
14
2452.727273
2
2
22
21
1014.545455
2
1
23
13
2651.818182
1
3
23
21
3335.454545
2
2
23
26
3642.727273
1
3
23
22
3383.636364
1
3
26
10
3478.181818
2
2
26
31
1137.272727
1
2
26
30
3217.272727
2
1
26
25
3137.272727
1
3
